0.7330962467141537
0.7806236334945663
0.762006784227112
0.7700351092658722
0.7592937454972631
0.7113960481341766
0.6751029940180007
0.6626860061879178
0.6544658205843126
0.7232636817658094
0.6995558129757137
0.6706232549209602
0.693683740630644
0.6471019575230051
0.501047226093648
0.6465966143428395
0.642974893961139
0.7126425782584302
0.7069178804600248
0.5580624447868804
0.7282089141466062
0.5809172456944965
0.6423775506389734
0.6283685607153671
0.8170138233714478
0.7809572626469422
0.7889755750000889
0.8044468561254081
0.7930393985072759
0.7362429919331503
0.6667318412134997
0.6374280341881242
