0.6700638127220048
0.7480733933127044
0.764106635351088
0.796071918287369
0.8111955209464312
0.8265866341566072
0.7970560805158731
0.8042996241885931
0.6342910434880169
0.7484559829103632
0.7662604672380952
0.7841182636653442
0.7850805125101435
0.8047853036841653
0.7990942704140571
0.7435046555268195
0.6154591088385384
0.7520435354026537
0.7433348657526442
0.7594114167046585
0.7703414495009949
0.7511173459239526
0.8099734261299244
0.7615663725026919
0.690965105764722
0.7634015834057467
0.7816589900826674
0.8011424846093244
0.835264960484719
0.8203838101284451
0.7979856633925515
0.7581497137639595
