0.767464424320828
0.7124659509693959
0.7088328075709779
0.8318192590251995
0.8113008985671497
0.7359338630708725
0.7640227524095434
0.7948454423274567
0.7823972769268174
0.7772664890611125
0.6942619707162644
0.8276189722068256
0.7782110650743359
0.7461887771650989
0.6625367325867684
0.7631098770329234
0.7898947024732675
0.7302507965035536
0.6746335245379222
0.7848393254852052
0.778106265911144
0.7412651101175691
0.6157564040599324
0.759168997203356
0.7278423612828757
0.7481263157894736
0.6671829149005543
0.7750903977501005
0.7712026633374948
0.7512506468863205
0.7444187200264594
0.7590791180285343
