0.6546741019326923
0.6932986793199047
0.6932907831513927
0.7060019053956157
0.7115414205899582
0.7051141071464944
0.703544390339888
0.7046396050372213
0.5740290178657752
0.6617971948732438
0.674943771497937
0.6948946753106693
0.7040034132207916
0.7028928224401476
0.6941951797146031
0.6859461776679767
0.6260846913033054
0.6720131246255828
0.6813569973333777
0.7081077934255919
0.7099217031745892
0.7062191157738948
0.6994350644063705
0.6797056468949481
0.7055880147772855
0.6962365991926132
0.7055609928931802
0.709406591806496
0.7158415802937229
0.7140890182896672
0.6882679436971209
0.6821698347683092
