0.7548694738543603
0.7107729275130156
0.6723961207916108
0.8413940256045519
0.8002267390072071
0.7342320654790563
0.7299281597852688
0.7819863988613001
0.7357664233576642
0.680574610604471
0.7091788205453392
0.7282014730339749
0.7322431047107639
0.6869120986052546
0.6317548746518106
0.7730412002857824
0.7507780507780508
0.6902465166130761
0.7085072231139646
0.7421513944223107
0.7087907552620718
0.6697874493927125
0.6020107896027465
0.7089247053163339
0.6809315621321674
0.5823380699154389
0.6565326633165829
0.676923076923077
0.6501550654720882
0.6479235575156193
0.6465884398087788
0.6347594473114699
