0.5047619047619047
0.4837395125848981
0.5417486424805226
0.5487891456969315
0.6981436642453591
0.6203755493407911
0.6509797749272055
0.6525991953932319
0.7336561743341404
0.7066719936076707
0.6661682537184229
0.6413978070521417
0.7666666666666667
0.7231322413104275
0.734162272763044
0.7147590123846336
0.5325262308313156
0.588094286855773
0.6016368930510743
0.5743472430385738
0.7148506860371268
0.6547343188174191
0.6910364366097427
0.6721621834818964
0.7322033898305085
0.6841390331602077
0.7204690328165578
0.7239094422970734
0.7762711864406779
0.783859368757491
0.7559612811835996
0.7808629802003628
