0.759841564950287
0.6143257302921169
0.6679275019700551
0.8369410649391689
0.776680961242819
0.691486800930755
0.6962045293142902
0.7801833122629582
0.7100778967867576
0.630418987648341
0.5816609819941303
0.7324356435643564
0.6570261437908497
0.6034003596534249
0.6241487060331704
0.6793232186829772
0.6212284037364636
0.5751413382836892
0.5687366868753072
0.6386460255073394
0.5533310615096269
0.5334887474222182
0.5387323943661971
0.565579859678085
0.5067939772309952
0.5051461506792919
0.48602232611392043
0.4945278022947926
0.49717889147029537
0.5123213070115725
0.480346752167201
0.4596074380165289
