0.7286368831523986
0.7513488856915954
0.722954778006658
0.6829170222082673
0.6240460074284582
0.5340093344351072
0.48059757125815683
0.4220115444880466
0.5293262904255149
0.6651670600582538
0.6400685456353226
0.6034660567937614
0.5645948371033254
0.5013057084392215
0.44827188356151404
0.4544844347903685
0.637865909442693
0.663340486585222
0.543315145731553
0.6174561528503268
0.5235250884591286
0.5145321708661968
0.4033543554117677
0.38719326002154847
0.8082856510359149
0.7613761139293288
0.7657525458328195
0.7254027660410031
0.6539667811504295
0.5421111733108307
0.4344493511196339
0.36697294744179526
