0.680112509675696
0.7356838404103732
0.7422457890380841
0.7754482384927424
0.7921604923395227
0.7915446904193743
0.7843091800324992
0.8062899204019637
0.678936146317586
0.7248892003471882
0.7472559389632257
0.7566106442667921
0.7659911431379501
0.7872642954113528
0.7942608163369606
0.802972775846663
0.6601925078494034
0.7238334816439503
0.721819378487444
0.727575364036493
0.7430748092840974
0.7389009614163515
0.7628376919270267
0.8049698325329595
0.7217740207604791
0.7300374776487019
0.7774196593557068
0.7623055523832271
0.7879235254578182
0.7904620816164144
0.7981035004994358
0.796925206051967
