0.754481310595669
0.8021428116599126
0.7984536643311224
0.8197859173559231
0.8055744467417146
0.7984609511924167
0.7506190774745932
0.7849632177805511
0.6953755155558906
0.7447575286953706
0.7714778256978441
0.7153420205454651
0.7553761694819902
0.7584576502866905
0.740687611352763
0.775546237774207
0.6749305722892734
0.7441577271271199
0.6768555251426966
0.5814292577615737
0.633407936731851
0.5662507838469517
0.6209074182029348
0.7661626785572709
0.8152053455166628
0.8032884332778568
0.8522044959613656
0.8062553128198461
0.8328029907151214
0.8128248724092433
0.8003045443816529
0.7728244253497389
