0.6571082161588385
0.7156801365327781
0.708091003908092
0.745619447129685
0.7644247277195878
0.7602588668520587
0.7598904840859454
0.7532357073543836
0.6480367971872261
0.6974241480979066
0.7065771982210352
0.7255578786036395
0.743215834782105
0.751082029652372
0.7432157006892723
0.7518674268488262
0.6351234242823611
0.7047026585132001
0.7112102016907433
0.7195462051198109
0.751275568737719
0.7360194165711351
0.7564410447635271
0.7589240414350271
0.7172794077823683
0.7212925933823984
0.7255877188778574
0.7558013722433601
0.7648124337865825
0.754146189045017
0.7556134767623583
0.7532571561969125
