0.7263588676553158
0.7941974498473585
0.8087242507114576
0.8325028002599469
0.8372190840164915
0.8494713817898865
0.8086639685072295
0.8145401047000104
0.5753389678182869
0.7515410815594484
0.7745024625548741
0.8082843051732796
0.7589929411733027
0.8364300650922682
0.82429479212512
0.7655305915774322
0.6208334747298762
0.7795136789238243
0.7301289572228434
0.7342048167844814
0.790991965085657
0.6582301326908141
0.8057814420468755
0.758681461357978
0.7417518333621337
0.8342811024472778
0.8451445929700507
0.829759655898077
0.8882046797401071
0.8651290310978859
0.8536697781384096
0.8001182547416259
