0.4507821328513422
0.6174182718676736
0.6886650559437321
0.7005987333447119
0.5113099626368923
0.660342667946054
0.6791315376925005
0.7236848861669756
0.3918719037651716
0.556541553093672
0.6349218261182626
0.6429505243835739
0.5479321215117378
0.6065777181937704
0.6215155928541634
0.7223362983129489
0.47298582340260625
0.5475146725166783
0.593793626007187
0.6570784368627378
0.5523802862100459
0.6399250607136839
0.6648307166348716
0.695124146844286
0.4742914540384662
0.5826296606878152
0.5723449109551292
0.6247823840356657
0.5307358968574205
0.615198797111963
0.6640462048983925
0.7240402861375674
