0.7042409301137957
0.8029752786386528
0.8446688480249049
0.8544855275870894
0.8033307327503796
0.8532990932431901
0.8501228227113062
0.8663999356247984
0.6657332533180598
0.769071607395382
0.8186797608193789
0.8289530552597265
0.7990778435519926
0.8266028685460908
0.8257320261666298
0.8627995654238931
0.7084529853307752
0.7691164668437371
0.8041736445836916
0.8371394334455419
0.8091567736235599
0.8426455555702942
0.8481194625164866
0.8556199271998024
0.7250683685135496
0.7874914697573622
0.802322206697957
0.8257140541903967
0.7996886364694441
0.8354094944814218
0.8514757636147791
0.8701847503951121
