0.75
0.6936272545090181
0.6679278001103491
0.7696016440088523
0.8149619063057222
0.8212250140483263
0.8309247413725026
0.8191034373514969
0.8145566542389366
0.7622259696458684
0.7557854829792275
0.813118909926325
0.8277597402597403
0.8104044383693817
0.7684518629855233
0.8000951550233922
0.821239944746892
0.7910146797870624
0.7701021944070348
0.8536953242835595
0.8412879095861452
0.8137619124535617
0.6787753807106599
0.8329359402320776
0.7797881010594947
0.79026005491843
0.8120127287191726
0.7808164567054696
0.7880789302022179
0.6869783648002593
0.7214706350469521
0.7098524132429198
