0.8351012536162006
0.8392979256895373
0.6675012518778167
0.8125597704813516
0.8942181340341656
0.8259278619968635
0.9108662994491737
0.8508356985178177
0.9174723756906077
0.8826450601150027
0.8353857753204322
0.7995458968537139
0.9433701657458563
0.711519364448858
0.7674119763556926
0.8037625689263704
0.7866941015089163
0.6288900414937759
0.6787496716574731
0.8078864353312303
0.928326474622771
0.8441390041493776
0.8902022589965852
0.8969102792632204
0.9371428571428572
0.8204261954261954
0.8536247924737134
0.9426678190723135
0.9658405894172807
0.9241164241164241
0.8603540320314695
0.9781546421385455
