0.9722247306499372
0.9582517353176524
0.9761021325775808
0.9716256251204611
0.9411187783409098
0.9578101841967497
0.9790181069952102
0.982080270523961
0.9329027812060083
0.9473076134399001
0.9640450392824726
0.9157595399647639
0.8555233187507416
0.9308287638746555
0.9168574430136478
0.9622817073745491
0.8947125373498771
0.9681334572754382
0.9096172633875852
0.902180130964657
0.8718737584566285
0.936257248963436
0.9278368933784091
0.9248384773301335
0.9833959866010816
0.9665580013557814
0.9455763787243812
0.9567343317628249
0.9479676188656888
0.9691702560557298
0.9814826311229733
0.9935426501315233
