0.9714084865229187
0.9486174342671977
0.9599405742126149
0.9464640467906269
0.8790554734973457
0.9236672963338648
0.9657540358769546
0.9586851707249086
0.8540014126771369
0.8916237408401553
0.920989849088241
0.819433435144721
0.7673481311249265
0.8816320661868923
0.8284354461235229
0.902498625755944
0.8226237449537297
0.9468703078296568
0.8029086412310952
0.8111534009373689
0.6828398803125925
0.8542517595166526
0.913945336541937
0.8956397955397499
0.9779620209205993
0.9308632536910583
0.8885429561925956
0.8965262851762088
0.8982596172564061
0.9404311247891711
0.9645247389334093
0.992068325765573
