0.9246220628336737
0.9512180363822557
0.9083156153889838
0.953269440690658
0.9221029887655671
0.8794568211795462
0.9441162024792934
0.9249830189386873
0.9506112997329421
0.8652578636820863
0.9317658304353259
0.874308201194051
0.9598809267030858
0.8991461784017407
0.9392494403581938
0.9367892687885905
0.9602208944224507
0.91524733376304
0.923846700040108
0.9015728721149263
0.9354184151814949
0.925478965084975
0.9372859862297667
0.9360607794975155
0.9650145959765755
0.9053637381490341
0.9521785251811926
0.9149557116667685
0.9593573369679438
0.8674174466536078
0.9465928797114864
0.9361173031048201
