0.905667701863354
0.8831145477432116
0.9325301204819277
0.9256181998021761
0.8963509316770186
0.8699246071396131
0.8727525486561631
0.8601357332546474
0.8517679503594997
0.9006910915459623
0.9105548909542652
0.8917216556688662
0.8999113387843563
0.7952778857364944
0.846875862703598
0.879124175164967
0.8708233890214797
0.9259619121647882
0.9107484729692771
0.9046072061429415
0.8380071599045346
0.8453618167821401
0.8600601695687847
0.8393384524512699
0.9127554882664648
0.8998904909655047
0.9008644473054993
0.8914223669923995
0.8759157933784661
0.9036676165088703
0.8931820313232673
0.9052413384660941
