0.9753655494773916
0.9846381173151129
0.9722304267389114
0.9850858567987251
0.9778694434643904
0.9712630002051637
0.9848265696549295
0.9791846354141455
0.9792485436746861
0.9670579394779577
0.9790948210664326
0.9643672343766713
0.9900685040823132
0.9730259520276715
0.9836120298242554
0.982539312500328
0.9869646994819137
0.9758903440404718
0.980754354219236
0.9723561391039081
0.9824380055701222
0.9782370184274418
0.9835744189865531
0.9808830692244557
0.9874550521950548
0.9702897239930276
0.984635539806547
0.9757661928225622
0.9863295920819609
0.9723971172789828
0.9842400501523373
0.9846143566324436
