0.48496112702045263
0.5891624709905952
0.6706243523515909
0.6389260226520045
0.5485668110338092
0.612460531891872
0.669813735361005
0.71773959525446
0.4285686169561263
0.5753261182344357
0.6572928186611264
0.622799843576209
0.5472648556791558
0.611477449818594
0.6951616930080661
0.7270352972964809
0.4258809029143045
0.5786095007007209
0.5914858853630441
0.6098352388975721
0.5435533739810815
0.6484443809318103
0.6315320432478907
0.7138716186001645
0.4479465064333836
0.5968861438789426
0.6796270810411844
0.6535076120900102
0.5294382374958023
0.6601464805877094
0.6869914588098018
0.7458337013313684
