0.739193141990715
0.8016654245280068
0.840093216223926
0.8341373542594245
0.804377759834369
0.8332496490166658
0.8487335855794902
0.8686723742609012
0.6783516179003559
0.7805569057424174
0.8172131277680831
0.8252063818932119
0.8030455787640421
0.8312904015820035
0.8595465796446005
0.8707434007254508
0.6888422338424722
0.7923705955243537
0.8028182880869243
0.819209459707234
0.8045740715195379
0.8464278180926211
0.8347290706151049
0.8676386962199044
0.703877524347505
0.8007424103739158
0.8397115121634038
0.8374829462175463
0.8039590307000432
0.8543936795583547
0.8597360644615505
0.8814720177470675
