0.7716758330637334
0.6355918628864328
0.682219419924338
0.7592534008225246
0.7942866391518977
0.7534444088433194
0.7850946372239748
0.7803180128154418
0.7929022848808945
0.7911118241617199
0.7512237486183483
0.763862484157161
0.7394263490520175
0.8034668164673783
0.7698940041132732
0.841132614213198
0.8004061738424045
0.8212272507650186
0.827373417721519
0.8282836294416244
0.7522749431264218
0.7964516129032259
0.839473892718485
0.8107786332248591
0.7891781936533767
0.653501332687182
0.7064191065619297
0.7825500158780565
0.7303837692495723
0.7245814122785732
0.7630512514898689
0.7484657687096518
