0.73995139417774
0.7780436789127552
0.7457712696351491
0.7673465680063939
0.7311862844081808
0.701983036774433
0.6771539885870583
0.6648619557075873
0.6217838510175913
0.7019623199030983
0.6923700982454313
0.7111510228412041
0.6884774687683995
0.665107625697884
0.7033269679979588
0.6485419585839854
0.6597282403830452
0.7444316073223877
0.6716841979967992
0.7087461903984166
0.6572397093607898
0.7095247560549978
0.6852433230098778
0.6077099530236665
0.8012651071581443
0.7754967636734437
0.7971114192160578
0.7635170221960562
0.7730530700084468
0.721927853803138
0.7047488095159886
0.6896219152692697
