0.6811092630507831
0.7301898382982737
0.7422177875545173
0.780358314987535
0.7749815389318022
0.7374517699036824
0.7875767021511259
0.7845812373839606
0.4448327869834952
0.6657830521244467
0.6879352253430666
0.7015558937336871
0.7436415889494119
0.7297548657204308
0.7765633549163108
0.792043209032997
0.5651592492342314
0.6875397937957275
0.6498578518796679
0.7381478994924136
0.7149986962678879
0.7397957978334953
0.7386434565626289
0.7592069809575268
0.7530898723371157
0.745453962395131
0.7452169732892695
0.8139600783162023
0.8016423296934344
0.8056755101334028
0.7788833545468077
0.8086498541294982
