0.7265454545454545
0.5348539415766307
0.6498817966903073
0.7963036095095174
0.7359695940481966
0.6859046395890191
0.7028670721112077
0.7605344295991778
0.7330360762059182
0.6634638675817521
0.6937935402153261
0.7185273159144893
0.7631536080794917
0.704023456589021
0.7591589678241478
0.7883472057074911
0.7368809445719908
0.72475704167353
0.6926347881899871
0.7757150824635487
0.7273626917367639
0.7191001839772537
0.7412943362688859
0.7772432042338224
0.7502087159792954
0.7641517513059861
0.7500616827041697
0.7310111272375424
0.7768030366933784
0.7487926947054175
0.7234826287149435
0.7437177703200458
