0.6881424200832478
0.7373757160429548
0.755002641031882
0.748352523342364
0.7902285394628004
0.769907126157079
0.7949224841896442
0.7726326653132368
0.607984378117004
0.7108807697136347
0.752949279008798
0.7723115305043113
0.7963701481123864
0.7920724052533051
0.7379718093131235
0.7633497479305467
0.5981293776264633
0.7189471425999123
0.738764243336085
0.754670728604084
0.8015272534538942
0.81910805327318
0.7601302200191301
0.7836114944618466
0.6736185911537325
0.7455663966856508
0.762271728028344
0.8199435038201675
0.817915182622791
0.8166001657180872
0.7979028550900097
0.7756158752115083
