0.632021021426282
0.6876054429581211
0.7179150758911726
0.7591466389245525
0.7611684346978315
0.772969679038698
0.7970459724776658
0.8166369022619274
0.5473277334434739
0.6767666114797551
0.7077626088513387
0.7496824595101622
0.767183652781223
0.7742447162607887
0.8074762828322259
0.8109823988057755
0.5665462323859968
0.684773364089204
0.7091559469062836
0.760125305616485
0.7508834237692182
0.7879101460057047
0.8006443608072462
0.8036316605842416
0.6625734443628406
0.6934914862983536
0.7204824411503911
0.7772063603531663
0.7822970081612781
0.7901162166847845
0.7901113011589852
0.796770689761891
