0.6823801260890128
0.7299308186864666
0.7164318927050415
0.7360439857189747
0.7447001978471776
0.7508604078532943
0.7512042178230354
0.7564542254859914
0.6364883161123858
0.6940642618463891
0.7147065499469027
0.7515277505372541
0.7326879203388013
0.7386857108082665
0.7555208253696853
0.7535837341132795
0.6394491979017181
0.7138657047296568
0.7055788146522118
0.7408518378635349
0.7348260183456163
0.7552380972678102
0.7543776930907203
0.7362580051142493
0.7098403954448641
0.7267403098114162
0.7498710367200683
0.7341916265025359
0.7535924341226894
0.7393901414638668
0.7371249215788332
0.7357422138389034
