0.6850676119215712
0.7406092780567965
0.7573396725737037
0.7586157352223845
0.7652788634840879
0.793301699152272
0.8068822854138205
0.7995454586106157
0.5972752158259287
0.7134267982254028
0.7428932071767242
0.7537432967109917
0.7550594908011532
0.7727650294315159
0.7927820148753775
0.7969938637224894
0.6614557115827647
0.7219248000258882
0.731776933281242
0.7537438484586406
0.777066522266216
0.7863483714485079
0.7896401723523077
0.8108118006767182
0.7374510760416418
0.7422330284455545
0.7709727699674092
0.7748115344107624
0.7606481870457982
0.7841417696306707
0.7864221707868728
0.8084655362213021
