0.5017756255044391
0.5253695565321614
0.4794207916896199
0.5266230180642107
0.6675544794188862
0.6578505793048341
0.64688754229952
0.669243511871894
0.7418886198547215
0.7109868158210148
0.6677421893444558
0.7448134416660093
0.6928974979822438
0.6966839792249301
0.690092075234123
0.7243827403959927
0.5907183212267958
0.5954454654414703
0.5929802471078933
0.5661434093239726
0.6719935431799838
0.6543347982421095
0.7043361926497206
0.713812416186795
0.7209039548022599
0.7538953256092689
0.6854489651373259
0.7453656227814152
0.7688458434221146
0.7783459848182182
0.7686314629731644
0.7967184665141595
