0.7759915986751758
0.662107031437485
0.6916410620026786
0.8281719070943278
0.8097856854023453
0.7268644747393745
0.7717237028859801
0.7869331647969664
0.7456062201344457
0.6704481454662483
0.6801962180552259
0.7972780503244185
0.7478289099910721
0.7375070867417186
0.7461514045389621
0.7162333544705136
0.7131656321463574
0.6686880275342129
0.6536245799327892
0.7488446215139443
0.6937159821870361
0.6567849686847599
0.6806117494740249
0.6860997350036135
0.6646254508849929
0.6782728604671205
0.6584498304243527
0.634227372174054
0.6647023138920184
0.6454785538657681
0.6135642630541027
0.6276631158455392
