0.8005170881473701
0.6297511402736656
0.7237847632553376
0.8638445743168536
0.832982853445487
0.7299094623828218
0.7995426228215441
0.8313053097345132
0.8213361371724361
0.7953305519897305
0.739436063502093
0.8401169683079112
0.8030597377367654
0.7772676010955373
0.7699185062109344
0.8310003954132068
0.7823620004863419
0.698965572975594
0.7955301949595815
0.7452860085564886
0.7869132985658409
0.7466276613034292
0.7627469725940089
0.7760767827397478
0.8082079790712884
0.7622406298695973
0.7509415818575206
0.7544867193108399
0.7730146998439681
0.7565723793677205
0.7884258886112678
0.8014918190567853
