0.7601242358241104
0.8059874986855858
0.8178952766042266
0.8050428479095108
0.8082700061962399
0.8363014064278582
0.8140172823052572
0.7776026075978043
0.5508690907611938
0.7301799830008902
0.7836502565290108
0.7767607177820157
0.7237452084389628
0.7595832228512297
0.7850959270603285
0.7795845456603638
0.6741454192630786
0.7658156737134203
0.7631834845763864
0.7590113335045249
0.7320300323355858
0.795437509253547
0.7435230615806288
0.8228018167279816
0.83067079612777
0.8178594049250177
0.8438776458075199
0.8322623042660784
0.8080859126827216
0.8158327168016432
0.8133286018532161
0.8330807894411725
