0.7210893765772037
0.7714280902537649
0.7919419288615901
0.7565063942185623
0.8337494658081908
0.7685118042149454
0.7992970919515641
0.7634149159994107
0.5649808816330728
0.6869339851453263
0.775907878743497
0.7989284164714097
0.8124236645602241
0.804984009841019
0.6574686979228707
0.7782458642524765
0.6023731881126678
0.7285908910669802
0.7503030051652564
0.7331928654404455
0.7943572895428745
0.8427520057953822
0.7391568882529774
0.800876120262051
0.7217503841909012
0.7771681744508099
0.7864986576079466
0.8625394776066967
0.8563319537887728
0.854641295973955
0.8343385834399717
0.8101410880363105
