0.7176228317606128
0.727150675424631
0.7547412093564632
0.8021149377152509
0.8200773242174424
0.8039067516299645
0.825768322687246
0.8066366009631728
0.7061782756042421
0.6798910551824635
0.7074680598533076
0.7703395878403149
0.7895560435600701
0.7906656761408597
0.7672409939515134
0.795204790901551
0.6146378308582856
0.6876223587146125
0.7479135987892553
0.770297332834013
0.796735654153052
0.8009915999991907
0.8008630681983
0.8191549916317729
0.7289888357911574
0.7382593321041552
0.7563781433520497
0.7751984054842465
0.7986009841579822
0.8107717221273546
0.8171404473997734
0.8178161726234596
