0.7756570966437525
0.7337126372305474
0.676630649104819
0.8199557592036657
0.775589593970338
0.6854411055760887
0.7213607594936708
0.7802928373565493
0.788456855264226
0.7135836287463745
0.7693835398792501
0.7882082209173147
0.8469487388120424
0.7754920223536081
0.7634477254588986
0.8103448275862069
0.8443735688583579
0.8059189012426422
0.781255028157683
0.8145257625228955
0.7971550731787534
0.7710030445157574
0.788235294117647
0.8190552441953562
0.8165038900844231
0.6907955018742191
0.7754783608442145
0.8140209508460918
0.7780280280280281
0.7463204195567585
0.7776304888152444
0.7941272165283878
