0.6510907675002656
0.7083839271726298
0.7737301008273073
0.7604074737743649
0.7821799232039012
0.7915280653438914
0.7624995974904472
0.7554300749396833
0.730347927954667
0.7457726888397642
0.7516702168109787
0.7181901276572957
0.7059370359347626
0.7293787010983667
0.726898282083837
0.739076590637594
0.6836568312290315
0.6862437093475124
0.7200886101109859
0.7196587560613085
0.7644752544029706
0.7434135762981475
0.732833325618537
0.7541169536048282
0.7530299901321181
0.7800311968755839
0.7525944443378361
0.7656843361383189
0.7604333879819344
0.7656953515348617
0.7687812288913746
0.7671824777943524
