0.5937046004842615
0.635557331202557
0.6014008027071692
0.5025636980358129
0.63454398708636
0.6501797842588893
0.6483827811442512
0.6132365701664432
0.7707828894269573
0.6921294446664004
0.6693948217517903
0.7553837658752071
0.8004842615012107
0.7188973232121454
0.690957739828441
0.7940364439536168
0.5752219531880549
0.5558929284858171
0.5932950342330998
0.5352212668612448
0.7365617433414043
0.6864562524970036
0.731486582198788
0.693460597933265
0.7538337368845843
0.7619656412305233
0.7823247029196506
0.7578291393862902
0.7908797417271993
0.7805033959248902
0.7602109073738884
0.7893823459809103
