0.7365774533657745
0.6331270593908221
0.7072553208323443
0.7791775612075112
0.7865660744706742
0.7590846829425509
0.7530659071129046
0.7762604208019055
0.8527163305139883
0.7597187424230178
0.814047619047619
0.8116356700047688
0.8661667617572745
0.7997085492227979
0.8465755601461942
0.8237125748502994
0.8237741698621196
0.8076704775804752
0.8141148325358851
0.8455888223552894
0.8143487497957183
0.7947736893520027
0.8224209517725967
0.8207426376440461
0.7849312827225131
0.7986128110975113
0.8079724645801649
0.8294760527161684
0.8047579983593109
0.7789473684210526
0.7783298605545761
0.7743931843755023
