0.7166266165671679
0.7733605346201143
0.8154238433517484
0.8358108186975948
0.817211640456273
0.8201515955229591
0.7967275343031383
0.816518457365832
0.6516365659879267
0.7340039384861681
0.7559689394358071
0.7828813012733659
0.7904693300817394
0.7954070030256285
0.8056253294421121
0.8006969811830699
0.6606765196861814
0.7360388715972397
0.7824336747338858
0.829324890594059
0.8060088534120724
0.8105043957187631
0.8130296765702332
0.7990358098156535
0.7284884168971787
0.7646410298811541
0.7917387823547504
0.8116463309620845
0.8301033356300623
0.8183542323615454
0.8300876152949535
0.8023913673361144
