0.788150044584215
0.8226898433321168
0.8650246273763746
0.8857742705313602
0.8250655782019894
0.8743208938796747
0.8746986755431909
0.8830593732370678
0.77593126200014
0.7953683528232078
0.830549281202608
0.8423217374816239
0.8109414492146519
0.8491238386163306
0.8704183356201962
0.879445534755413
0.7518796356629852
0.7793820674328522
0.8152980586552867
0.8338134760029405
0.8294849859872039
0.8677616025033866
0.8853417215828603
0.8691335571708521
0.7349644594774948
0.7953791132997285
0.8536386304383824
0.8606060000082131
0.8069046074200209
0.8520585809724042
0.8700775520445986
0.8828389574758576
