0.742634337639503
0.7694832845817032
0.8203009612518543
0.827299806670095
0.8400998624318555
0.8280987645874894
0.8046611040299183
0.8146571027382701
0.6850365753719438
0.7496722528401926
0.7773301265885073
0.7968792725701156
0.8122482598334246
0.7986879228551558
0.8121196934888104
0.8145606171609346
0.7322817768928849
0.7713444419065615
0.8050274542751323
0.8023945478018952
0.7949315778370294
0.7981725306307631
0.8138528429056562
0.8137806428392665
0.7576331287810498
0.7735465046841852
0.7891358657462262
0.7994137720623844
0.8321715060989799
0.8335863742035979
0.8211549608401888
0.8290551472429143
