0.6999191592562651
0.8122200895713372
0.7685148671030838
0.8593663585367781
0.8056499919054557
0.8032366607915398
0.7730608380020516
0.8672671249111163
0.8385947871134856
0.8062655235958657
0.7593367548361627
0.8209568999604587
0.8006655303952601
0.6997829756450447
0.7406056762327573
0.791283676703645
0.8269527757457531
0.6766012438413699
0.7722354813046937
0.7910708611375914
0.8107909558403396
0.7028347996089932
0.7021533022657882
0.7707620033442153
0.7388403887333224
0.6045802784413873
0.6766237994465245
0.7533113911856787
0.67189063021007
0.6632756011434336
0.670080772753768
0.7258511158169083
