0.7521674426590216
0.7315037349058394
0.7916761339538093
0.8503817357049676
0.8629971092356201
0.8474036373373046
0.8343027391888601
0.8021439019903784
0.6440395574087732
0.6811014891191797
0.6926678050547774
0.7684841610734537
0.8113242845477374
0.7837753595358056
0.7114696411151276
0.775803172903971
0.6278639604785934
0.7163047898570207
0.7644436825102299
0.8015257669975397
0.8213071116861558
0.7809547976133675
0.7505982314788554
0.7878636378255572
0.7782728967637735
0.8076947517848391
0.8264953213493957
0.8332816631832406
0.8582212087658516
0.8582174990573097
0.8416754556729646
0.8428888955741787
