0.6226680151622194
0.741732985857694
0.8214684102119799
0.8048730257014186
0.8195166843417743
0.8229334117541802
0.7681597384333185
0.6865111787551523
0.7164762237401492
0.7439381278392878
0.7611219151224331
0.717966879929976
0.6704721196077988
0.7216944601100851
0.6525741641388925
0.667037981744657
0.7269063336951694
0.7553928696649048
0.7858090356148357
0.7525432658801245
0.7917773403286985
0.7390284668405214
0.6725441184483589
0.6715995511361114
0.8197624906685695
0.848308407921899
0.8279572159905235
0.8232860347474285
0.8228417553863975
0.8154012502057701
0.7834396654787914
0.7694181635421985
