0.7146416596987168
0.7841399788083553
0.8318341384514095
0.8595215853955253
0.8447306257651408
0.8367995653732336
0.7766468744433739
0.8290511949777689
0.6199988163468036
0.7242934453073574
0.7136612525433291
0.7954515629223595
0.8074855718226253
0.7933499169056816
0.8097302927994214
0.8164462408840157
0.6838150380753242
0.7587380425592807
0.8006191043980243
0.8620407082359363
0.826791792263681
0.8117757101470261
0.8270269701305532
0.8127435376032895
0.7727642390341032
0.799285366627854
0.8463226551715883
0.8609604914248398
0.8707040320970859
0.8607713937010831
0.8719598789724373
0.8439332770916559
