0.5576861073771942
0.598614330111892
0.6887180567638461
0.7412027967018899
0.5570601299043698
0.686793288902038
0.7132293380543009
0.740344394845931
0.5580889567078053
0.5922919596113251
0.6302560567892602
0.64521719432385
0.5308435499210187
0.637323238492746
0.7130636208519512
0.7323869083998409
0.5240507435740991
0.5658015118878256
0.5948254410030807
0.6337203413557915
0.563651409897242
0.6829324021718343
0.7371561753854543
0.7030262789084271
0.458947633620579
0.54469661772258
0.6913851162294982
0.7087453641377274
0.5088207181832763
0.6490810859028785
0.7068875898111464
0.7445407271008521
