0.7920615633859862
0.6612695343966489
0.7776546921981327
0.8191169488843172
0.8015260978975566
0.7695473251028807
0.799063194664973
0.8036337670580768
0.8644274560832791
0.7498987936199498
0.8311708986706997
0.8220298602287166
0.8597605668214023
0.8110114192495922
0.8106679481018741
0.8184135074864607
0.8619281045751634
0.7819061679790026
0.7831644958996623
0.838462765109233
0.8373583045835387
0.782030087617788
0.7700339970859641
0.8475991649269311
0.745495123160853
0.7893417975275643
0.7877200163733115
0.8088448525857902
0.7777592946851867
0.7802272341868747
0.7642242805160436
0.8184778184778185
