0.7575089372099261
0.8055326525144805
0.8569412449502332
0.8675559603402042
0.8887126034695697
0.8581583010962951
0.7961612336120366
0.7849427556326738
0.6582018048960468
0.742103426455514
0.7841106491755253
0.8189028025545959
0.7906882035520018
0.7968466148769353
0.8049876018196763
0.791752702514242
0.7623184828212628
0.7889085640535644
0.842632930026318
0.8387110584578091
0.8170250721997764
0.7966549739204226
0.7796207366640522
0.8009239858226898
0.8160076560860816
0.8400226962519447
0.857680927474649
0.8552070232223188
0.8784516249758326
0.8692444956562387
0.8480090054494634
0.8578826290684824
