0.6425475932518186
0.718960315618473
0.6342331193441101
0.6390070373520996
0.6711056054506039
0.672858137915022
0.6195744680851064
0.7386592351757238
0.7147840917900612
0.7565203931584242
0.6691700216785382
0.7300813008130081
0.7637026126056283
0.7599721167996282
0.7187354718735471
0.7501161530122348
0.7223989448366824
0.7118735961583146
0.5879159233692701
0.7010317275618648
0.7113370062854039
0.6831444979047028
0.6213908723998758
0.6905020985543292
0.5673174146379404
0.666692564680289
0.5883587193036991
0.7430171944293161
0.6539182016859194
0.6085874299937772
0.5544831880448319
0.5345956054230949
