0.639283868314952
0.7110185053154584
0.700244750202394
0.6820863700566083
0.7067154538113751
0.7281934131225328
0.7428709225005905
0.7476624440321323
0.6720197831745547
0.6937570994327285
0.6824292444140548
0.7522069238301795
0.741251956134293
0.7247446710391912
0.7528553173162283
0.7471122641078186
0.627410393483963
0.7125930080362075
0.726947853295477
0.7454633277522574
0.7654502221503192
0.7316963485709345
0.7197215381342181
0.7499792976399952
0.6572834115350396
0.7155658036427447
0.7103414561630772
0.711297931750079
0.7617277272507457
0.7586975928889197
0.762352663045533
0.7766586201422205
