0.5500425071489295
0.49857021408145913
0.5149547878506839
0.5450962207280315
0.6246232320890331
0.6423989489141355
0.6557693793956256
0.6008192286884613
0.6478862354123194
0.6435582347940335
0.6581652368807481
0.6382255197465028
0.6736996676713811
0.6834376690625241
0.6558466651209521
0.6656619522374218
0.4698199242599892
0.5089265012752144
0.5081536440219492
0.4910734987247855
0.650591235798748
0.6414715202102171
0.6114073730581961
0.6524460932065848
0.6872246696035242
0.6794188113455445
0.6966535280933611
0.6623386660483809
0.6610248087178299
0.7080918154416879
0.7403972486281784
0.7269495324213617
