0.5663782954703144
0.6390140324200541
0.6837374087899042
0.732299283107439
0.7287417130067975
0.7305323468574751
0.7059756544102118
0.6918673907712253
0.4337432587070932
0.5580600675021692
0.6551716059160777
0.6977935035934965
0.7081251865160293
0.7165998058739299
0.7156327860328925
0.6747125611885852
0.29231312047870467
0.5872810113725402
0.6290978295116558
0.6688241899717711
0.7268677222407073
0.7209108999096331
0.7118746696519088
0.686546032855543
0.6070315676616842
0.703838829147275
0.7096561604632077
0.7079603450274212
0.7492233454263986
0.7387675251655907
0.6990497933220877
0.7111931361047581
