0.7957637600494744
0.7509279307145067
0.7266192610913588
0.7230210265924552
0.7083720210461157
0.7062509670431688
0.6224387226474909
0.7400448465166628
0.7211084449260778
0.615610964844355
0.7071472772277227
0.7703497369235531
0.6569393915937766
0.6949349442379182
0.6593108788230739
0.72844193073526
0.6275968992248062
0.6024049650892165
0.6664858581944982
0.6859491315136477
0.5896178690948712
0.6128127191956979
0.5958850931677019
0.5971424134182326
0.5606763664962643
0.5852281637133449
0.5455680399500624
0.5782972402470488
0.5108891436056984
0.5641954439346374
0.5662688690429147
0.5541758937045239
