0.569697465064976
0.6597081009642656
0.6991945897404436
0.7530135752788473
0.6967589502006263
0.7451094412215052
0.4991092881088184
0.7187398095876615
0.5922253177852339
0.6110923689352372
0.7061838423930547
0.7660442952569194
0.749541629752434
0.7351272195877716
0.709698010881902
0.6989081144585896
0.5349014823438465
0.5028697724309542
0.6271244600169534
0.7336108481798967
0.5170976552863107
0.5366803932648289
0.4996480896490866
0.49028378942657014
0.5916922686506231
0.6983027087300003
0.7137414304860261
0.7424871700490411
0.7030052623120826
0.6998939025105756
0.7635011663984487
0.44203187996523124
