0.6882011605415861
0.7118119975262832
0.6340935446463085
0.7062190594059405
0.7408668730650155
0.6817618826443722
0.7590314844898275
0.7400216584158416
0.6875725900116144
0.6310003096934035
0.7287781474889732
0.7026922481819589
0.5617977528089888
0.7452954387051808
0.7109768378650554
0.6731662024141133
0.6125979365448763
0.7022167105875058
0.7457364341085271
0.7576062553224433
0.6545284780578898
0.640758588527903
0.6600775193798449
0.7094468614045991
0.6619222648001877
0.6877584458141531
0.6143734930388115
0.705690044368335
0.6652245732714545
0.6654141224361986
0.6522214413992348
0.7261802575107296
