0.639061913834979
0.7199020202221988
0.6629299122446161
0.49457814689657476
0.5017853489681368
0.670075016023043
0.6927112204780418
0.7124365457521565
0.6374883731651968
0.600032143100095
0.5198624710434876
0.7319200432264259
0.7472008532873693
0.5836142898706047
0.7417651686146234
0.7327113838107365
0.522948176705521
0.672401774565631
0.7116828332117984
0.6186888868479645
0.7448283676154897
0.5408157188970779
0.5233903920777078
0.5947456062938229
0.6616167417551663
0.690698345620929
0.6946641316079148
0.6899485587655666
0.745976263351257
0.7028869989168767
0.7222388072381182
0.7305938072290212
