0.8152249670874313
0.6463943051686785
0.6161467605851846
0.8510556028149409
0.8189421513203748
0.6867936213036073
0.8004180537276457
0.8858182381173556
0.8150817639308688
0.7870262729597768
0.774393551887158
0.8606595448211798
0.831601798728485
0.7925304759686311
0.764190446650124
0.8286046511627907
0.7998600963780507
0.7690038046432176
0.8189220628150445
0.8416964424421314
0.775173273109571
0.7471936389148737
0.7813010025647004
0.8038605230386052
0.7104829210836278
0.7247943595769683
0.7487303695601218
0.7349839881277825
0.6698541716471432
0.624502784407319
0.6541157936195352
0.7240590231200189
