0.4714594927525607
0.540468111292131
0.5568143067622918
0.5708762253173578
0.4247210620159697
0.568860435973488
0.6134683500487519
0.5847537342413802
0.40789857291404363
0.5429117283107125
0.5688946162907307
0.6144078995008938
0.44639796886809835
0.5661266405002129
0.6201531257580163
0.6469603810153894
0.438743848115051
0.5668140199277488
0.5798037625961442
0.5656322142335335
0.4581419219411736
0.5567175754205077
0.6338960519712841
0.6659283253755339
0.46520126018221186
0.5367257638864575
0.5600436289173389
0.5556220180253358
0.43827133314135336
0.5775463467071403
0.5953633545666749
0.6594484016239646
