0.6941797311205699
0.768063545989251
0.7715864414461064
0.8150470816968229
0.8074266808751644
0.8122730437504987
0.7880442595378792
0.7278872741965466
0.4288538951075777
0.6723492852194222
0.7504602644284346
0.7786889759050072
0.7964309288340357
0.749822029355184
0.7896580375041613
0.7258171195056746
0.28834305194494964
0.6982505995082898
0.7171018201174587
0.7512507372818967
0.7799128679706115
0.7756627959196721
0.7657924504659279
0.7100769283145361
0.7052222316547911
0.8093042154009557
0.8059972974617126
0.7896316112508573
0.8167609539571764
0.8113499090147877
0.7675795499383693
0.7594788464171902
