0.6851508120649652
0.756748395080826
0.6460622002166176
0.7527056277056277
0.7121528583584745
0.7458623356535189
0.7464974069200403
0.7842833939206435
0.735346496322106
0.7322865099009901
0.7446396779936527
0.7289553163478665
0.7454094677306887
0.7995199008827629
0.8193992878154513
0.7427000232360003
0.7177776053387135
0.7520155038759689
0.7990393554384878
0.8161160229564138
0.7413028251225776
0.641182862465073
0.755114693118413
0.782055262340888
0.7490073958738809
0.6827693504472968
0.7844948005587459
0.7209103619698617
0.7213627129238943
0.7304273237679352
0.7046019900497512
0.7731870525988173
