0.6431595688257028
0.7123991054341596
0.7109463781547355
0.7389190231713422
0.7009891277278211
0.7649793035965863
0.7903277936504745
0.7729376913939188
0.6657607143420015
0.6977571595806237
0.7648330975426092
0.7923927169100173
0.7807430734823677
0.5828492857950529
0.7326428602591629
0.7926813830355772
0.5345733253536639
0.6893954435928877
0.7050647601255603
0.7914651400015997
0.801946416272528
0.7774490165720849
0.7771858205014966
0.7226605194240783
0.6975762005926074
0.7607119057678937
0.7212925369601961
0.7497253185413791
0.8009046304608907
0.7874707870014521
0.7364297619067333
0.7718416043817088
