0.6444264509678008
0.7086073257702377
0.7336316166895347
0.7588309899867538
0.7539701694303133
0.7790881231263432
0.7887709016488729
0.7782219467944383
0.6955574084209403
0.7245827640181357
0.7470826901615425
0.7857380005546939
0.77333396779011
0.7279251079221304
0.7566112975750482
0.7840523363846215
0.6530698279261042
0.7145027876796712
0.7367271279757307
0.797186999893508
0.8087763801452199
0.7888033611638923
0.8048074404697666
0.7683116112404815
0.696431350329893
0.737060442301859
0.7373547963049031
0.7587916081437865
0.8075759885574167
0.7930962621372284
0.7652000867788862
0.8030586311173171
