0.6957917270129496
0.6501464234557529
0.6828732143034573
0.6256541495732053
0.6258917180982867
0.6126463044600501
0.5616800368371486
0.45638081222846466
0.6129087076158446
0.636728150111148
0.5180514572673572
0.6743005489544277
0.5745648943915598
0.6305674203112066
0.6314221492047227
0.6071867115632534
0.6249782478975625
0.5139704928614829
0.6111535574742093
0.5799908477955606
0.6158556997340534
0.5186710971989053
0.4737568561189752
0.5670616425822037
0.6218105392146903
0.6861889393738329
0.711249057988889
0.6850410834146258
0.6791532441621407
0.5774299884000289
0.5744825456066396
0.5397312763196322
