0.6898560649456015
0.7385409208749305
0.7632546116270688
0.7850766139960602
0.7348606927252609
0.7952359187709842
0.807229405784702
0.7943078632963919
0.6427334162694929
0.7181806875952904
0.7601397720328389
0.7927972989268816
0.7409874412636247
0.7884174569812574
0.814326801007798
0.8232568001197214
0.6572341231592909
0.7567107639068452
0.7832516694275058
0.7805206600590877
0.758408409221479
0.7960762724712188
0.8272995405442156
0.8387549712463791
0.6745294679314384
0.7503779568828381
0.7654365730842276
0.783599945123843
0.7413788191445965
0.8047633598641759
0.8068088613734438
0.8273572124726657
