0.6570319131025802
0.6473550956326856
0.691164337290279
0.6808268761714689
0.6898802260204495
0.6961610326474792
0.6882564912744878
0.6783534145620694
0.6324779493042957
0.6696030060009796
0.6565258308395135
0.7032626155258359
0.6852148356626894
0.6970710792349021
0.7031187871404715
0.6911219496186543
0.609762573292468
0.6271978361313666
0.6685525387068281
0.6937956527576267
0.7127807180781184
0.6940434489097806
0.6947329624193054
0.7069994479384543
0.6062841106125346
0.6636932698907643
0.7064587016420181
0.7230775222368877
0.7169914452882848
0.7008697276726059
0.7010352999230668
0.6972834004266995
