0.599305072544484
0.6828194406795026
0.7247328325129041
0.7697369920573546
0.7597096862924634
0.7593052696044071
0.6993059698160201
0.7231287035202547
0.6331352534926946
0.6905818858590025
0.7471148350229648
0.7560303814580539
0.7485577298119219
0.7405819210198824
0.7302334456942038
0.6996953514247825
0.6119474706223407
0.6612168626680358
0.7216971275459206
0.7500420447060335
0.6972254852788458
0.7120645970274747
0.7005313075977024
0.6827880971753564
0.6300913028280659
0.7055045948706496
0.7395247654400315
0.7552902324105844
0.753056512225661
0.7484441485752196
0.7750832958429621
0.6846210503039044
