0.6283453002610966
0.7569292929292929
0.6509726081778483
0.8224343675417661
0.8021429739898577
0.7149914959099376
0.7328128734167131
0.7984551680203854
0.8134316134316134
0.6775822743564679
0.7364247957712639
0.8135145941623351
0.8404403910935832
0.7826729017967019
0.8268071078234301
0.8114281134797243
0.8358987090367428
0.7788342290202563
0.7461501053655374
0.7793042500200852
0.8276578073089701
0.7783792787540601
0.7729986098618039
0.8064516129032258
0.8056578506863074
0.7344118638355241
0.7994226804123712
0.785377358490566
0.8126847394645722
0.7954545454545454
0.7143095396931287
0.8282183484736885
