0.7400400882385254
0.7988016432550307
0.8088081279571742
0.8412590108728599
0.8218806168294501
0.7998070771942368
0.760740563875497
0.6581008397913849
0.7454812540439762
0.7127186236801777
0.7089095365637672
0.7397427963161973
0.7233854532267917
0.7005894825178249
0.6823467536934056
0.669441774177803
0.6911225777473448
0.750488524696742
0.7614505888497773
0.8006160936709531
0.6997190425181061
0.705476210183596
0.6790997642658403
0.6950584756961715
0.8437003745848919
0.852609035811583
0.8393322291912819
0.8267330466798211
0.8106039570755489
0.8031731866125179
0.7780017497466688
0.7494964938629104
