0.7867120918526611
0.8049334841993169
0.8300491636581361
0.8464230624489191
0.8095213413162258
0.8511563506001575
0.8760909947611714
0.887011762350392
0.7400647711969859
0.8385660441387397
0.8334366493811426
0.8615908223542454
0.8254717318840781
0.8507343598507279
0.8547772222807999
0.879341548618656
0.7110768371692321
0.786633669242565
0.8326054671563446
0.8271896329205777
0.806166597253847
0.8407507227353235
0.870649271495355
0.8846688890417258
0.7411450834023049
0.8120851421868726
0.8454047309267586
0.8287900189666397
0.8217483369296487
0.8598924638958018
0.8595363835454776
0.8654274601739631
