0.6223567393058919
0.5427886536156612
0.4820177854725742
0.5250453577344798
0.6364003228410008
0.7091490211745904
0.6134414102463209
0.6707422891851385
0.714366424535916
0.690291650019976
0.7125993546863933
0.7299045515500513
0.752865213882163
0.7491809828206153
0.6853702683560242
0.6673503194762168
0.5327683615819209
0.5811426288453856
0.5620524120563469
0.5908337934842628
0.7013720742534302
0.6970035956851778
0.6618399307468324
0.724698272461939
0.7539951573849879
0.7037155413503795
0.7491933579916581
0.7390549814624912
0.7954802259887006
0.7829005193767479
0.785551270953018
0.7516762641003392
