0.7330439596440853
0.7745396621768298
0.7850941843915704
0.8040016495929184
0.8225399280242086
0.8232722367657034
0.8438546519964538
0.8147325310163197
0.7372808730352511
0.7271278265666749
0.7495597656746432
0.781841236362602
0.8060968243446358
0.7829773423640477
0.7941363724346487
0.8063923273048385
0.6288748095908527
0.7048238301274378
0.7545588273133963
0.7826828423077435
0.8032195773563436
0.8002930077782794
0.8009734372076038
0.7948794528801693
0.7480337361751355
0.7874199110197392
0.8155368087983884
0.8008623713794087
0.8106725429666385
0.8371389530488142
0.835018542441456
0.8243370499463796
