0.6313508924654286
0.7553422660378968
0.7837147125139747
0.8054318611705066
0.8179057545911701
0.8259111255531665
0.813493523326236
0.8282013781425855
0.7288736356460842
0.7098357283212293
0.7090240302178002
0.7797829975348243
0.781333327305505
0.7962923852948319
0.7997499328120756
0.8175964210573203
0.6081157616843185
0.6986022192644782
0.7483943756733845
0.8057698410849916
0.7696635807483643
0.7955524996971695
0.8230562221504243
0.8076150577596729
0.7468796850854384
0.7584794367627234
0.773530944059585
0.7853271864617163
0.7826256559503731
0.8109550132060261
0.8157803533923454
0.8374388524613079
