0.7132608977644745
0.7601185403141361
0.7652267857273323
0.800316340281597
0.7946060364575258
0.7909004006801975
0.7766059443935495
0.7513335721866325
0.756988411118247
0.727029476635004
0.733586905274325
0.7469633087165819
0.7372085811651314
0.74828724221802
0.7522547192963096
0.7601616820000899
0.6613955197972143
0.7188197912626887
0.7352216855548479
0.7684591898443086
0.7515390340871908
0.7515850301822246
0.7657690225998603
0.7641991489229171
0.7762972843021001
0.7858215751354949
0.7774579303293508
0.7729260124700035
0.7677598277273736
0.7810049916427055
0.779807319085996
0.7734867818661263
