0.6092440547974656
0.581037275679337
0.76931747328943
0.7685409319903431
0.7902862156820466
0.7258998501863407
0.7346392395613482
0.681523789041595
0.7201026944978545
0.732728565088613
0.7007365375176752
0.6236253493737934
0.6682734744766282
0.6938832514418067
0.6714917147838444
0.6637560973879645
0.6374319541704484
0.6512611602048702
0.6849950886132192
0.7403205611915388
0.6365162348690252
0.6576026830176945
0.6619055769120151
0.6858086767193304
0.7490731390843888
0.8040511262118294
0.7957812631004317
0.7697116790274877
0.7574667501601787
0.7573619309100043
0.7414475876993468
0.7191585806485421
