0.6578049289510312
0.651188842407816
0.7391061162780732
0.744492748675168
0.7772924041742586
0.7505083951174024
0.7653712901075993
0.7725127790076759
0.7330444152912267
0.7444191665845901
0.6970076730703433
0.6856261411430506
0.7094628726483746
0.7440008830627797
0.7541392454978342
0.7595935034340232
0.6353680577308632
0.6277414952411925
0.6881816681532255
0.7428268871450625
0.7276124114227285
0.7418155201021165
0.7635259776358622
0.7680069328800845
0.7009747398111109
0.7408744285967679
0.7316679322021133
0.7271195467336679
0.7403286135117174
0.7698446512649527
0.7652568324103706
0.768646999896472
