0.7829597495211932
0.8126605062314881
0.8191137325319016
0.8468190847074648
0.8599725480275039
0.8705713912715854
0.8855119279100253
0.8420307196415988
0.6959918676364637
0.7141367228489789
0.7383217626961235
0.773006473389245
0.8186361217067425
0.8163421557784675
0.8195412612880136
0.8310750771445432
0.6130788129000413
0.7484524943141428
0.7829686343492162
0.8143492581025359
0.8285455501846373
0.8382316430593634
0.8286300342441056
0.8063535473874658
0.8148940861028384
0.8548391901375612
0.8673587022223481
0.8576428192476202
0.8731761680059834
0.885998285865741
0.8837595315952709
0.8748908241032973
