0.5212224857609197
0.7833185979928671
0.8118405678707501
0.8465470988600551
0.8479315576102844
0.8526962783771238
0.8096229872681892
0.8498131856487245
0.6888546865715568
0.7036981477693778
0.6621274766719496
0.7950577090112619
0.7765292348806091
0.8044866698894934
0.7595807078488356
0.7894068125799745
0.5850591283782759
0.7029727433001581
0.7648939364169157
0.828255500346171
0.7340094295406203
0.7484937253142737
0.8066442255990985
0.7335085508809019
0.7870993900305886
0.8322781775505395
0.8271205275322386
0.8352191682814465
0.8301633989572429
0.8389143856838385
0.8519446921984068
0.8464038077725697
