0.7528044220451959
0.8276333789329685
0.729616116751269
0.8105747856462369
0.6629946960424317
0.8016135538523598
0.6924912503977092
0.824142595687117
0.7818196681108477
0.7008408796895214
0.6769120229921762
0.7618135376756067
0.7678483505662236
0.6542337071347311
0.7515478009166198
0.7436759526096702
0.7860980246301347
0.6674880893707902
0.6644982924052691
0.7148613797549968
0.6805683242791475
0.6608347913021745
0.642986798679868
0.7482511794371238
0.7044142614601019
0.698058583106267
0.6671726115186778
0.7036638822264494
0.6775060700659036
0.6556873078612209
0.6718451657698317
0.6723130346404675
