0.5610456446170184
0.5708532633391997
0.6239195741757921
0.6784413531646453
0.5118074573046144
0.6501364430978358
0.7060644589994177
0.7461482603328908
0.47932002483198455
0.6672059066852022
0.6381674626733941
0.6912176691808889
0.5564068847852673
0.6447630690196735
0.6542037150208536
0.7263851311713114
0.42581769794131785
0.5330812280811956
0.6381339708974243
0.6075540592720965
0.5221412898003919
0.6205794853422519
0.7027016121842359
0.7394068981660891
0.4594450352497166
0.5861273328258021
0.6637111571842051
0.6138140747057982
0.5619462566185759
0.6670440725461306
0.6895457639563486
0.6987118548243365
