0.7957533687219274
0.8031833239072473
0.7311144650091349
0.8601209420751114
0.8159744931327665
0.715869547624828
0.7462793473935535
0.8176390989413357
0.8104987306526902
0.7258837870784234
0.7392763000239636
0.835329819517649
0.8391200853648526
0.7372805226623111
0.7729134870270704
0.801617164358338
0.8171758876961189
0.7263972343402749
0.7312938897408992
0.7707313157260978
0.7832225913621262
0.6632797534771383
0.7079082673630948
0.7761616161616162
0.7280679619816637
0.6923662830060935
0.6853709075839204
0.7362753895097479
0.6377878606283709
0.6690214547357405
0.6623025593377819
0.7100297914597815
