0.7952505304390403
0.7744519051856645
0.6981731532962668
0.8094555873925502
0.8361512701135343
0.7219117051437829
0.7810189969000875
0.8536585365853658
0.8310147299509002
0.7906863540483531
0.798168060533652
0.8670391061452514
0.8514664918892348
0.8028924276893078
0.8185734801340354
0.8384443379651813
0.8675301254201164
0.8396710365605407
0.8267955580410642
0.8410908509277031
0.856802497535327
0.799233778937072
0.8234776346323117
0.863607240108922
0.8713710009046797
0.8067949242734344
0.8165505086918209
0.8563181526619628
0.8296734928859281
0.8196479738027016
0.7929292929292929
0.8376404494382023
